Size;Comparisons (bubble sort);Swaps (bubble sort);Copies (bubble sort);Accumulated runs (bubble sort);Repetitions (bubble sort);Time Average [seconds] (bubble sort);Time Stddev [seconds] (bubble sort);Time Median [seconds] (bubble sort);Time Minimum [seconds] (bubble sort);Time Maximum [seconds] (bubble sort);Comparisons (selection sort);Swaps (selection sort);Copies (selection sort);Accumulated runs (selection sort);Repetitions (selection sort);Time Average [seconds] (selection sort);Time Stddev [seconds] (selection sort);Time Median [seconds] (selection sort);Time Minimum [seconds] (selection sort);Time Maximum [seconds] (selection sort);Comparisons (insertion sort);Swaps (insertion sort);Copies (insertion sort);Accumulated runs (insertion sort);Repetitions (insertion sort);Time Average [seconds] (insertion sort);Time Stddev [seconds] (insertion sort);Time Median [seconds] (insertion sort);Time Minimum [seconds] (insertion sort);Time Maximum [seconds] (insertion sort);Comparisons (Shell sort);Swaps (Shell sort);Copies (Shell sort);Accumulated runs (Shell sort);Repetitions (Shell sort);Time Average [seconds] (Shell sort);Time Stddev [seconds] (Shell sort);Time Median [seconds] (Shell sort);Time Minimum [seconds] (Shell sort);Time Maximum [seconds] (Shell sort);Comparisons (quicksort);Swaps (quicksort);Copies (quicksort);Accumulated runs (quicksort);Repetitions (quicksort);Time Average [seconds] (quicksort);Time Stddev [seconds] (quicksort);Time Median [seconds] (quicksort);Time Minimum [seconds] (quicksort);Time Maximum [seconds] (quicksort);Comparisons (merge sort);Swaps (merge sort);Copies (merge sort);Accumulated runs (merge sort);Repetitions (merge sort);Time Average [seconds] (merge sort);Time Stddev [seconds] (merge sort);Time Median [seconds] (merge sort);Time Minimum [seconds] (merge sort);Time Maximum [seconds] (merge sort)
2;1;0;0;2691393;1001;3.41339e-09;2.85781e-10;3.02691e-09;3.55191e-09;3.8852e-09;1;0;0;2420464;1001;4.32937e-09;3.70822e-10;4.7411e-09;4.48165e-09;4.48206e-09;1;0;1;2663640;1001;4.54601e-09;3.82884e-10;4.20057e-09;3.95279e-09;5.05429e-09;1;0;1;2435836;1001;5.87876e-09;3.51573e-10;6.1363e-09;5.47985e-09;6.20774e-09;4;0;0;2566888;1001;9.20651e-09;5.00795e-10;9.12832e-09;8.44461e-09;8.96626e-09;1;0;2;2176706;1001;6.84771e-08;2.39935e-09;6.9524e-08;7.15665e-08;6.86984e-08
4;6;0;0;2590320;1001;9.81769e-09;6.37626e-10;9.19092e-09;8.63616e-09;9.17934e-09;6;0;0;2572044;1001;1.35518e-08;6.85126e-10;1.37772e-08;1.28005e-08;1.35249e-08;3;0;3;2572950;1001;7.86928e-09;5.57935e-10;8.10168e-09;7.58554e-09;7.45223e-09;3;0;3;2562169;1001;1.13366e-08;6.99774e-10;1.15479e-08;1.16529e-08;1.0971e-08;15;0;0;2555439;1001;2.05182e-08;9.6037e-10;1.98732e-08;2.00207e-08;2.01056e-08;4;0;8;2008783;1001;9.37446e-08;3.22726e-09;9.36505e-08;9.28445e-08;8.99801e-08
8;28;0;0;2449425;1001;4.18e-08;1.84174e-09;4.13533e-08;4.24707e-08;4.33661e-08;28;0;0;2251271;1001;6.00597e-08;2.30721e-09;5.91024e-08;5.5639e-08;5.98473e-08;7;0;7;2405564;1001;1.70241e-08;1.00157e-09;1.81271e-08;1.70479e-08;1.61708e-08;11;0;11;2355799;1001;3.68349e-08;1.69584e-09;3.46348e-08;3.4839e-08;3.49765e-08;49;0;0;2342793;1001;5.22934e-08;2.22917e-09;5.35526e-08;5.14534e-08;5.22494e-08;12;0;24;1801309;1001;1.52145e-07;4.97224e-09;1.54226e-07;1.52033e-07;1.4558e-07
16;120;0;0;1787569;875;1.78603e-07;5.26652e-09;1.77772e-07;1.78573e-07;1.81053e-07;120;0;0;1456021;648;3.0494e-07;7.93617e-09;3.00308e-07;3.03888e-07;3.06104e-07;15;0;15;2375649;1001;4.01235e-08;2.03847e-09;3.89676e-08;4.12937e-08;4.15285e-08;30;0;30;2069419;1001;1.00471e-07;3.14349e-09;9.42218e-08;9.92169e-08;9.6924e-08;165;0;0;1867901;1001;1.47009e-07;5.68524e-09;1.47656e-07;1.56085e-07;1.43635e-07;32;0;64;1526027;678;2.76764e-07;8.93775e-09;2.68984e-07;2.68087e-07;2.69096e-07
32;496;0;0;888708;442;7.39828e-07;2.3337e-08;7.31974e-07;7.13997e-07;7.10058e-07;496;0;0;517790;369;1.54596e-06;4.63155e-08;1.52187e-06;1.51834e-06;1.61263e-06;31;0;31;2124697;1001;6.82701e-08;3.13444e-09;7.24601e-08;6.53183e-08;6.72353e-08;78;0;78;1729348;756;2.04874e-07;7.85986e-09;2.07974e-07;2.15954e-07;1.97042e-07;589;0;0;1104164;503;5.16303e-07;1.69948e-08;5.15525e-07;5.42702e-07;5.10883e-07;80;0;160;1030440;478;5.85462e-07;1.95728e-08;5.76311e-07;5.70807e-07;5.61781e-07
64;2016;0;0;371805;334;2.366e-06;7.68857e-08;2.32076e-06;2.34719e-06;2.39358e-06;2016;0;0;127495;315;7.44027e-06;2.2036e-07;7.43342e-06;7.40556e-06;7.75172e-06;63;0;63;2006078;833;1.26066e-07;5.81047e-09;1.28346e-07;1.20982e-07;1.27692e-07;198;0;198;1153819;526;4.4137e-07;1.5176e-08;4.62871e-07;4.41074e-07;4.33349e-07;2205;0;0;425612;349;1.96709e-06;6.19098e-08;1.92152e-06;1.97909e-06;2.02463e-06;192;0;384;629691;385;1.18575e-06;3.47539e-08;1.17553e-06;1.19221e-06;1.14403e-06
128;8128;0;0;125680;305;7.7451e-06;2.30538e-07;7.6679e-06;8.16774e-06;7.62802e-06;8128;0;0;31117;301;3.19643e-05;9.1397e-07;3.09773e-05;3.13264e-05;3.14448e-05;127;0;127;1638430;545;2.38033e-07;1.00688e-08;2.38361e-07;2.36472e-07;2.37156e-07;461;0;461;791831;371;9.25005e-07;2.95466e-08;8.94866e-07;9.34847e-07;9.68251e-07;8509;0;0;126983;325;7.17311e-06;1.8809e-07;7.46413e-06;7.08995e-06;7.13669e-06;448;0;896;356117;327;2.48125e-06;6.39217e-08;2.48482e-06;2.46488e-06;2.54705e-06
256;32640;0;0;35155;307;2.76747e-05;8.956e-07;2.70331e-05;2.70212e-05;2.70018e-05;32640;0;0;7535;301;0.000132259;4.04056e-06;0.00013147;0.000140397;0.000129418;255;0;255;1215230;379;4.63846e-07;1.85618e-08;4.69938e-07;4.70544e-07;4.7706e-07;1101;0;1101;404117;331;2.05846e-06;7.13585e-08;1.98414e-06;2.08138e-06;2.01987e-06;33405;0;0;38535;298;2.59743e-05;8.32158e-07;2.55012e-05;2.61699e-05;2.7032e-05;1024;0;2048;173830;323;5.16769e-06;1.7919e-07;5.39084e-06;5.09795e-06;5.10115e-06
512;130816;0;0;9447;312;0.000101572;2.93213e-06;0.000103146;0.000101993;0.000100125;130816;0;0;1853;299;0.000541656;1.60972e-05;0.000536959;0.000550939;0.000548207;511;0;511;773293;300;9.24232e-07;3.73328e-08;9.32645e-07;9.17994e-07;9.92747e-07;2529;0;2529;194005;306;4.68387e-06;1.47121e-07;4.57651e-06;4.67071e-06;4.60139e-06;132349;0;0;10028;302;9.88183e-05;2.69609e-06;9.58783e-05;9.70903e-05;9.71082e-05;2304;0;4608;91258;293;1.08533e-05;3.12938e-07;1.05035e-05;1.12089e-05;1.04533e-05
1024;523776;0;0;2606;294;0.00039176;1.13055e-05;0.000387406;0.000392452;0.000408506;523776;0;0;430;315;0.00221571;6.08864e-05;0.00228518;0.00219778;0.00216495;1023;0;1023;457678;256;1.85157e-06;6.93568e-08;1.8014e-06;1.83992e-06;1.77696e-06;5601;0;5601;95691;288;1.01876e-05;3.3432e-07;1.03876e-05;1.06324e-05;9.92445e-06;526845;0;0;2596;300;0.000384597;1.08678e-05;0.000383793;0.000376394;0.000406605;5120;0;10240;42370;301;2.28177e-05;6.62922e-07;2.24486e-05;2.22886e-05;2.23525e-05
2048;2096128;0;0;671;290;0.00154206;4.63022e-05;0.00151381;0.00151887;0.00150562;2096128;0;0;114;294;0.00895984;0.00024782;0.00890446;0.00932586;0.00885367;2047;0;2047;245334;238;3.70839e-06;1.32161e-07;3.61679e-06;3.63291e-06;3.98525e-06;12700;0;12700;41090;299;2.29915e-05;6.46241e-07;2.38607e-05;2.25633e-05;2.27922e-05;2102269;0;0;674;292;0.00152442;4.36659e-05;0.00155536;0.00159932;0.00149945;11264;0;22528;20909;292;4.78424e-05;1.41936e-06;4.75392e-05;4.63695e-05;5.02797e-05
4096;8386560;0;0;156;317;0.00607553;0.000168465;0.00613071;0.00609083;0.00607353;8386560;0;0;29;288;0.0359672;0.00103986;0.0363743;0.035426;0.0358433;4095;0;4095;133357;220;7.21252e-06;2.76831e-07;7.02947e-06;7.30655e-06;7.04944e-06;27852;0;27852;20151;283;4.97038e-05;1.37685e-06;4.86622e-05;5.0489e-05;5.15967e-05;8398845;0;0;159;312;0.00605408;0.000170383;0.0061022;0.00593262;0.00631409;24576;0;49152;9831;300;9.89792e-05;3.34211e-06;0.000101463;0.000105629;9.65634e-05
8192;33550336;0;0;43;289;0.0241787;0.000840432;0.0229999;0.0238793;0.0259939;33550336;0;0;7;298;0.144132;0.00473171;0.147092;0.146276;0.140102;8191;0;8191;67410;219;1.47203e-05;5.76567e-07;1.43091e-05;1.55831e-05;1.42467e-05;60620;0;60620;9599;270;0.000110464;2.9525e-06;0.000107101;0.000107295;0.000108377;33574909;0;0;44;283;0.0241078;0.000777678;0.0241316;0.024201;0.0248107;53248;0;106496;4744;295;0.000209307;7.58018e-06;0.000204957;0.000205398;0.000202897
16384;134209536;0;0;10;312;0.0963292;0.00286986;0.0966218;0.093816;0.0938303;134209536;0;0;2;263;0.572511;0.0153282;0.560952;0.600762;0.580486;16383;0;16383;34623;213;2.95228e-05;1.03456e-06;2.90125e-05;2.87698e-05;3.12626e-05;132699;0;132699;4026;303;0.000235274;6.84806e-06;0.00024909;0.000231528;0.000230926;134258685;0;0;11;285;0.0957013;0.00287389;0.0937981;0.0936648;0.0943629;114688;0;229376;2329;287;0.000438933;1.42199e-05;0.00042812;0.000461802;0.000438735
32768;536854528;0;0;3;261;0.38373;0.0121968;0.370006;0.381225;0.396803;536854528;0;0;1;132;2.2771;0.0670191;2.20972;2.23674;2.24727;32767;0;32767;16723;214;5.9258e-05;2.40336e-06;5.81232e-05;5.65615e-05;5.8352e-05;283399;0;283399;1997;285;0.000502797;1.62121e-05;0.000498102;0.000529229;0.000496181;536952829;0;0;3;260;0.385432;0.0102862;0.373414;0.381008;0.403539;245760;0;491520;1045;312;0.000897836;2.69827e-05;0.000914364;0.00087645;0.000884858
65536;2147450880;0;0;1;196;1.53239;0.0427484;1.56597;1.51981;1.52019;2147450880;0;0;1;34;9.07934;0.206775;8.90244;9.43774;8.94831;65535;0;65535;8828;205;0.000114679;4.70765e-06;0.00011292;0.000113114;0.000123846;611079;0;611079;875;305;0.00107468;3.29261e-05;0.00113814;0.00104627;0.00105609;-2147319811;0;0;1;196;1.53217;0.0440732;1.55003;1.4881;1.50654;524288;0;1048576;547;285;0.00187852;6.39038e-05;0.0018206;0.00196922;0.00185759
131072;-65536;0;0;1;49;6.15313;0.145129;6.25364;6.06791;6.02095;-65536;0;0;1;9;36.2853;0.205091;36.3346;36.409;36.4787;131071;0;131071;4382;203;0.000234846;1.0406e-05;0.00023214;0.000226601;0.000231689;1308938;0;1308938;427;291;0.00231196;7.7023e-05;0.00237799;0.00234261;0.00227176;327677;0;0;1;49;6.15108;0.146504;6.4858;6.04474;6.1085;1114112;0;2228224;264;285;0.00389795;0.000138183;0.0037927;0.00412504;0.00379752
262144;-131072;0;0;1;13;24.7503;0.293601;24.423;24.8918;24.9478;-131072;0;0;1;3;145.21;0.165173;145.004;145.217;145.409;262143;0;262143;2163;201;0.000474275;3.15425e-05;0.000489495;0.000529067;0.000463992;2750730;0;2750730;207;285;0.00487627;0.000159922;0.00481722;0.00478286;0.00479833;655357;0;0;1;13;24.6584;0.246601;24.9256;24.922;24.2328;2359296;0;4718592;126;282;0.00822554;0.000312579;0.00828394;0.00867097;0.00801751
524288;-262144;0;0;1;3;101.84;0.228902;101.854;102.113;101.553;-262144;0;0;1;1;583.983;0;583.983;583.983;583.983;524287;0;524287;1104;169;0.000937752;7.52268e-05;0.00089063;0.000907483;0.000876268;5892882;0;5892882;98;272;0.0106014;0.000440048;0.0102461;0.0105129;0.0103664;1310717;0;0;1;3;100.925;0.551068;100.363;101.674;100.739;4980736;0;9961472;57;281;0.018069;0.000588131;0.0176051;0.0180992;0.0191592
1048576;-524288;0;0;1;1;457.904;0;457.904;457.904;457.904;0;0;0;0;0;nan;nan;nan;inf;-inf;1048575;0;1048575;568;151;0.00184674;9.96606e-05;0.00196125;0.00189395;0.00184508;12435753;0;12435753;41;293;0.0233882;0.000786172;0.0245243;0.0247409;0.0226596;2621437;0;0;1;1;461.432;0;461.432;461.432;461.432;10485760;0;20971520;28;273;0.0377105;0.0011889;0.036353;0.0399842;0.0371365
2097152;0;0;0;0;0;nan;nan;nan;inf;-inf;0;0;0;0;0;nan;nan;nan;inf;-inf;2097151;0;2097151;264;160;0.003922;0.000186333;0.00375135;0.00394315;0.00376676;26067241;0;26067241;21;270;0.0497771;0.00152254;0.0488182;0.0494222;0.0495717;0;0;0;0;0;nan;nan;nan;inf;-inf;22020096;0;44040192;13;281;0.0789469;0.00253644;0.0822285;0.0776819;0.079082
4194304;0;0;0;0;0;nan;nan;nan;inf;-inf;0;0;0;0;0;nan;nan;nan;inf;-inf;4194303;0;4194303;128;164;0.00815716;0.000398414;0.00819418;0.00799409;0.0077638;55133037;0;55133037;10;269;0.105628;0.00321642;0.104552;0.103232;0.110536;0;0;0;0;0;nan;nan;nan;inf;-inf;46137344;0;92274688;6;294;0.164211;0.00515533;0.169904;0.160645;0.161166
8388608;0;0;0;0;0;nan;nan;nan;inf;-inf;0;0;0;0;0;nan;nan;nan;inf;-inf;8388607;0;8388607;64;164;0.0163454;0.000801984;0.0171467;0.017213;0.0172846;115067448;0;115067448;5;257;0.221073;0.00639223;0.229955;0.218948;0.219557;0;0;0;0;0;nan;nan;nan;inf;-inf;96468992;0;192937984;4;212;0.342182;0.0101364;0.340155;0.334283;0.337388
16777216;0;0;0;0;0;nan;nan;nan;inf;-inf;0;0;0;0;0;nan;nan;nan;inf;-inf;16777215;0;16777215;32;163;0.0323988;0.00161935;0.0329489;0.0312918;0.0311102;240896568;0;240896568;3;202;0.471862;0.0157906;0.473039;0.499099;0.48157;0;0;0;0;0;nan;nan;nan;inf;-inf;201326592;0;402653184;2;191;0.76122;0.0225066;0.748888;0.741786;0.742422
